1700462437
1700462893
1700465910
1700465602
1700463595
1700462881
1700459577
1700464360
1700461831
1700460750
1700463081
1700464964
1700462376
1700465725
1700463294
1700463983
1700463596
1700465826
1700462379
1700465747
1700459601
1700463043
1700460984
1700462777
1700466200
1700461839
1700465014
1700464934
1700463738
1700459170
1700459574
1700466158
1700459877
1700459366
1700464369
1700462686
1700462031
1700464615
1700463733
1700465853
1700459294
1700463061
1700462633
1700462870
1700464534
1700465235
1700464311
1700459788
1700460007
1700459901
1700459390
1700462617
1700460084
1700464338
1700463806
1700465965
1700461785
1700463436
1700463753
1700465212
1700462919
1700461874
1700463105
1700464121
1700462811
1700463153
1700460240
1700464449
1700464172
1700462104
1700465810
1700464244
1700465421
1700463586
1700462332
1700464847
1700462441
1700462510
1700459937
1700459554
1700459951
1700466089
1700459553
1700459399
1700461281
1700460672
1700460056
1700460691
1700463528
1700460662
1700462436
1700463832
1700463708
1700466044
1700463102
1700463916
1700461188
1700464030
1700459432
1700460884
1700461494
1700461606
1700460104
1700462020
1700462105
1700462926
1700465764
1700459581
1700460199
1700464478
1700460408
1700462017
1700460556
1700465786
1700463579
1700463478
1700463590
1700463799
1700465930
1700465314
1700460729
1700463261
1700460236
1700460799
1700466042
1700462479
1700463112
1700465537
1700464532
1700462921
1700464721
1700462060
1700465673
1700463381
1700463305
1700465541
1700462005
1700461999
1700464688
1700461015
1700460628
1700463577
1700465195
1700461319
1700460014
1700464549
1700464829
1700461315
1700460797
1700465972
1700462634
1700462002
1700462278
1700464281
1700459795
1700462908
1700460526
1700466124
1700462812
1700459190
1700464357
1700464526
1700461718
1700464806
1700464239
1700464009
1700462047
1700461952
1700463735
1700461194
1700462845
1700459441
1700463308
1700460709
1700459171
1700463479
1700465367
1700461180
1700460775
1700465843
1700465332
1700462225
1700465732
1700462057
1700461967
1700464200
1700462245
1700461672
1700459714
1700464258
1700464368
1700464729
1700463167
1700459522
1700464034
1700463603
1700462227
1700464064
1700460033
1700460898
1700465131
1700465804
1700461896
1700463684
1700459506
1700465585
1700464533
1700459954
1700462175
1700464156
1700461171
1700459930
1700460970
1700459881
1700462079
1700465042
1700465893
1700465536
1700461700
1700465495
1700460555
1700459218
1700465782
1700463921
1700465244
1700461628
1700463914
1700463023
1700463686
1700462143
1700464999
1700463704
1700459281
1700463608
1700463562
1700461743
1700464096
1700461224
1700463675
1700465862
1700463371
1700466211
1700460858
1700460445
1700460462
1700460040
1700462760
1700465894
1700464289
1700463377
1700461900
1700462624
1700460218
1700462288
1700464643
1700459656
1700465381
1700462277
1700464182
1700459586
1700462194
1700465601
1700463068
1700462707
1700462149
1700463238
1700464634
1700462719
1700459802
1700462687
1700462169
1700465560
1700465511
1700464856
1700465684
1700463949
1700464927
1700462735
1700462871
1700465283
1700462815
1700459664
1700461087
1700464764
1700465138
1700459903
1700463281
1700461181
1700465211
1700462023
1700459898
1700463634
1700463348
1700463536
1700466111
1700462515
1700463252
1700465196
1700459538
1700462768
1700463715
1700463816
1700465238
1700460625
1700465092
1700465071
1700465670
1700464138
1700462471
1700463660
1700466209
1700463669
1700462716
1700459724
1700460457
1700460372
1700465343
1700464115
1700462496
1700465493
1700465325
1700466037
1700463042
1700461157
1700462695
1700464603
1700460114
1700466011
1700461615
1700461940
1700462025
1700460381
1700462193
1700461084
1700460569
1700463535
1700459755
1700461715
1700463312
1700466179
1700461686
1700462901
1700465245
1700464243
1700464297
1700461517
1700465128
1700465734
1700462162
1700464219
1700463542
1700464216
1700462015
1700463866
1700461556
1700463327
1700459792
1700463313
1700460547
1700465901
1700461898
1700464377
1700459925
1700460235
1700459720
1700461973
1700463585
1700459966
1700465079
1700463198
1700465393
1700462433
1700459250
1700463288
1700459183
1700464066
1700460834
1700464078
1700465179
1700459781
1700460451
1700464575
1700462627
1700465026
1700466137
1700462351
1700465567
1700463453
1700459361
1700465623
1700466128
1700461152
1700461505
1700464334
1700461821
1700464943
1700464184
1700465777
1700461864
1700465706
1700459368
1700463184
1700465923
1700459486
1700462054
1700464519
1700461537
1700460088
1700463717
1700464494
1700460497
1700464498
1700465345
1700459345
1700463833
1700464263
1700460226
1700461923
1700464337
1700463647
1700460710
1700459559
1700462643
1700460755
1700460186
1700464322
1700465187
1700463575
1700464314
1700459711
1700465896
1700460136
1700463011
1700459939
1700465934
1700460566
1700460520
1700459370
1700462224
1700462545
1700463747
1700462460
1700461268
1700463127
1700459992
1700460446
1700464027
1700465319
1700463986
1700462640
1700464564
1700460152
1700464947
1700462270
1700463705
1700464702
1700463110
1700465373
1700464178
1700460874
1700465881
1700459931
1700462986
1700460312
1700460421
1700462772
1700463736
1700463628
1700464475
1700463230
1700463720
1700460223
1700459723
1700465355
1700463641
1700462397
1700459721
1700466120
1700462281
1700462236
1700461091
1700460620
1700461163
1700466027
1700460034
1700461348
1700462689
1700461341
1700464663
1700459876
1700461870
1700465679
1700464672
1700459436
1700460721
1700459181
1700464648
1700464965
1700461100
1700464000
1700466138
1700459327
1700461237
1700466112
1700465007
1700460689
1700463890
1700462493
1700459249
1700463917
1700459739
1700462488
1700462743
1700465981
1700461894
1700466188
1700464680
1700465958
1700465563
1700464832
1700465035
1700462706
1700462141
1700465710
1700462228
1700466014
1700461941
1700460209
1700464897
1700462028
1700464483
1700462936
1700463356
1700465464
1700462469
1700465584
1700459820
1700462000
1700463374
1700465828
1700460380
1700462866
1700465102
1700466000
1700462577
1700461910
1700463300
1700463533
1700465589
1700464661
1700464621
1700466064
1700459495
1700461673
1700463044
1700462851
1700465009
1700464780
1700462876
1700462198
1700463263
1700459604
1700462767
1700466090
1700462112
1700464975
1700462042
1700463233
1700461030
1700463173
1700462201
1700463248
1700460002
1700463106
1700462167
1700461943
1700461917
1700464708
1700461232
1700461859
1700459165
1700466169
1700461029
1700462829
1700462625
1700464002
1700460674
1700461893
1700464453
1700463273
1700465106
1700460757
1700460269
1700466190
1700464505
1700460337
1700462494
1700465251
1700464328
1700463874
1700462647
1700463225
1700461062
1700461178
1700460175
1700465226
1700459819
1700466204
1700459335
1700464063
1700460072
1700464418
1700462134
1700462382
1700463652
1700460441
1700461987
1700459546
1700464372
1700465937
1700465371
1700460499
1700460284
1700462958
1700464262
1700464577
1700460416
1700462728
1700459955
1700461850
1700463352
1700462427
1700462565
1700464106
1700460891
1700465800
1700461717
1700464693
1700466132
1700461618
1700461128
1700462172
1700460132
1700460772
1700464724
1700462438
1700462234
1700464351
1700460663
1700465500
1700461177
1700464766
1700464348
1700461907
1700465006
1700461768
1700464931
1700462626
1700464295
1700465672
1700463865
1700461226
1700464423
1700462758
1700464185
1700465956
1700464366
1700462052
1700462725
1700461861
1700465049
1700465152
1700466197
1700460562
1700465480
1700462455
1700462018
1700462684
1700459255
1700465156
1700464956
1700464415
1700465171
1700465175
1700460340
1700464690
1700464201
1700462853
1700463655
1700462814
1700465939
1700466147
1700460183
1700463092
1700464709
1700463694
1700465791
1700465989
1700460788
1700462364
1700462620
1700462346
1700461408
1700464354
1700464626
1700463508
1700459474
1700465875
1700462987
1700459869
1700462292
1700459756
1700463306
1700459948
1700460231
1700459968
1700464697
1700464760
1700464781
1700459976
1700460049
1700462497
1700461731
1700463553
1700462195
1700463810
1700463760
1700462734
1700463483
1700463073
1700462349
1700459150
1700461453
1700466013
1700465274
1700464537
1700464283
1700462948
1700465326
1700463812
1700464949
1700464723
1700462586
1700464406
1700459455
1700462981
1700463611
1700462703
1700461518
1700461849
1700462543
1700461497
1700460861
1700460450
1700463190
1700463166
1700465637
1700460080
1700465306
1700461271
1700463117
1700459576
1700460604
1700464799
1700463714
1700461549
1700463060
1700463020
1700459140
1700461991
1700464470
1700466161
1700465815
1700465287
1700466136
1700466029
1700464521
1700462254
1700465922
1700463524
1700463040
1700460122
1700462353
1700464792
1700461970
1700464581
1700463689
1700465745
1700462682
1700465573
1700461902
1700464565
1700459544
1700463408
1700460821
1700461132
1700460153
1700462656
1700459735
1700463664
1700459698
1700463500
1700460840
1700464023
1700466060
1700465859
1700463129
1700465081
1700461805
1700460994
1700461855
1700460439
1700462920
1700463872
1700462642
1700465266
1700461727
1700464623
1700464429
1700464371
1700465932
1700465492
1700462856
1700463999
1700465142
1700459410
1700460044
1700462590
1700459645
1700461652
1700464474
1700464920
1700465572
1700464132
1700461787
1700464140
1700460967
1700465095
1700462549
1700464202
1700460769
1700460653
1700463008
1700461170
1700459505
1700461854
1700464275
1700463935
1700461892
1700464552
1700464477
1700459380
1700460573
1700464422
1700464706
1700463658
1700461328
1700460530
1700461508
1700465189
1700459944
1700466006
1700465856
1700465841
1700460782
1700466202
1700463191
1700460798
1700459914
1700461656
1700459686
1700465213
1700462729
1700460202
1700464809
1700464831
1700464137
1700465889
1700462008
1700461778
1700461009
1700459799
1700463062
1700459762
1700462399
1700465176
1700459293
1700464627
1700463004
1700459296
1700463808
1700464403
1700461901
1700465267
1700461214
1700461932
1700461845
1700462953
1700463333
1700459697
1700462378
1700463169
1700459583
1700462786
1700459632
1700462995
1700463961
1700466039
1700463845
1700462103
1700462903
1700465010
1700463058
1700459338
1700465944
1700463363
1700459520
1700462678
1700460024
1700462993
1700465842
1700459442
1700464109
1700465474
1700462084
1700465149
1700462711
1700460897
1700460477
1700461329
1700462562
1700462472
1700462980
1700464210
1700463819
1700459388
1700463031
1700462074
1700461070
1700465616
1700463142
1700459953
1700462736
1700460576
1700464556
1700463511
1700465072
1700463398
1700465818
1700465869
1700464542
1700466030
1700465372
1700459719
1700459402
1700464803
1700464630
1700465139
1700465657
1700460673
1700462483
1700460666
1700461522
1700461802
1700461803
1700460751
1700464765
1700464107
1700462402
1700460061
1700462232
1700465814
1700462773
1700465942
1700462166
1700464365
1700460247
1700461691
1700465919
1700462914
1700465113
1700461195
1700463452
1700462092
1700461936
1700465878
1700464247
1700460405
1700465222
1700459195
1700463217
1700462380
1700459205
1700461036
1700461650
1700464176
1700465312
1700462523
1700463818
1700459348
1700463240
1700462377
1700461507
1700464384
1700461200
1700459975
1700462404
1700466217
1700465247
1700461063
1700460589
1700462385
1700465865
1700461835
1700465487
1700464745
1700463438
1700465902
1700463279
1700460032
1700463390
1700459679
1700461161
1700462749
1700464588
1700459884
1700463663
1700463718
1700463526
1700462693
1700460317
1700459435
1700466022
1700465169
1700460890
1700465738
1700463503
1700464391
1700465143
1700463554
1700464699
1700464227
1700466208
1700466007
1700460806
1700465028
1700460197
1700463400
1700459854
1700460102
1700462154
1700462622
1700460165
1700465027
1700459999
1700465966
1700462326
1700462078
1700465382
1700459860
1700466195
1700465733
1700459430
1700461330
1700464240
1700460369
1700459192
1700461728
1700465099
1700463786
1700461692
1700465906
1700464509
1700462596
1700462840
1700465811
1700462564
1700465924
1700460509
1700463560
1700465608
1700464411
1700461771
1700462320
1700463346
1700461205
1700463792
1700465666
1700465742
1700461648
1700466063
1700462014
1700461664
1700459405
1700460212
1700462083
1700465683
1700462764
1700462675
1700461841
1700462962
1700462759
1700462938
1700465229
1700459599
1700466225
1700465123
1700459674
1700465302
1700464374
1700464492
1700463309
1700465242
1700464878
1700459772
1700464830
1700462747
1700461913
1700462113
1700465209
1700464011
1700463506
1700465249
1700460696
1700461253
1700463589
1700462935
1700463940
1700462664
1700459258
1700463115
1700459950
1700459272
1700464954
1700460517
1700460010
1700460256
1700465807
1700460899
1700463962
1700459839
1700464324
1700462178
1700464250
1700464684
1700465515
1700465148
1700462026
1700464491
1700462082
1700461244
1700462513
1700460966
1700463407
1700460601
1700466080
1700462784
1700465535
1700462754
1700461775
1700461781
1700462069
1700465987
1700462314
1700463448
1700459636
1700465098
1700463774
1700463711
1700464992
1700464410
1700462904
1700466082
1700465783
1700460621
1700459172
1700461619
1700463154
1700461744
1700464725
1700461018
1700464928
1700465353
1700465479
1700464959
1700464127
1700465744
1700463236
1700463754
1700460029
1700464465
1700466121
1700465532
1700464501
1700462410
1700461978
1700463311
1700461248
1700464703
1700464647
1700464977
1700460309
1700459864
1700465647
1700462610
1700464157
1700465513
1700465358
1700463451
1700459196
1700461690
1700465594
1700465565
1700462423
1700465790
1700460427
1700464607
1700460307
1700461989
1700466055
1700461935
1700464737
1700464251
1700465431
1700465595
1700464265
1700460076
1700459261
1700465194
1700465822
1700461073
1700463291
1700464903
1700459244
1700460178
1700465812
1700461291
1700460561
1700463034
1700462401
1700459805
1700464958
1700460727
1700461598
1700464079
1700463193
1700462990
1700461725
1700466015
1700462156
1700465803
1700464686
1700460285
1700465967
1700464789
1700464316
1700461414
1700460875
1700463772
1700462400
1700461607
1700464997
1700466092
1700462275
1700462429
1700459595
1700462304
1700460065
1700461710
1700462600
1700464226
1700465463
1700462127
1700464955
1700465237
1700465083
1700463447
1700464218
1700463539
1700462810
1700462741
1700462331
1700461783
1700463272
1700465772
1700464397
1700463702
1700465844
1700465438
1700465022
1700465043
1700462868
1700462416
1700465554
1700461060
1700465448
1700465614
1700460524
1700462894
1700460500
1700462474
1700465217
1700461688
1700460352
1700462390
1700463148
1700463021
1700463829
1700463520
1700464158
1700464280
1700465369
1700464246
1700460478
1700459734
1700459206
1700464548
1700465726
1700460989
1700464236
1700465116
1700465341
1700463640
1700462645
1700465178
1700465781
1700462657
1700464991
1700459761
1700462045
1700463938
1700460931
1700462531
1700463050
1700463373
1700460268
1700459458
1700465154
1700464913
1700460403
1700465047
1700462537
1700459863
1700459382
1700464298
1700460018
1700463729
1700460785
1700464006
1700463019
1700461982
1700459977
1700460479
1700464808
1700460228
1700459499
1700460169
1700466150
1700465489
1700460353
1700464753
1700464489
1700459389
1700461582
1700463998
1700461588
1700460383
1700460123
1700464149
1700463821
1700460174
1700463464
1700461049
1700462490
1700464726
1700465033
1700460087
1700460172
1700460399
1700459850
1700462525
1700461704
1700460698
1700464889
1700466073
1700461971
1700461562
1700459866
1700464877
1700460438
1700463859
1700462368
1700464794
1700461013
1700464190
1700460387
1700465444
1700463151
1700463624
1700466210
1700466229
1700463393
1700463014
1700461833
1700465233
1700465615
1700459603
1700464652
1700466076
1700459808
1700461037
1700464117
1700460417
1700460054
1700465203
1700462925
1700460543
1700463985
1700460617
1700465256
1700463923
1700465879
1700460398
1700465519
1700464408
1700459340
1700462110
1700462027
1700463033
1700459511
1700463085
1700459378
1700464571
1700462585
1700461638
1700465678
1700460491
1700461934
1700463316
1700459708
1700460357
1700465364
1700464154
1700459786
1700464143
1700462258
1700460464
1700465975
1700460568
1700465816
1700462679
1700464733
1700459731
1700465161
1700461239
1700462766
1700464520
1700462611
1700465214
1700462165
1700460191
1700462029
1700463189
1700460160
1700465416
1700460904
1700463869
1700462430
1700460120
1700465127
1700464123
1700462120
1700464646
1700464569
1700461111
1700464428
1700459496
1700463692
1700465703
1700465055
1700464525
1700459846
1700465321
1700459982
1700464735
1700462775
1700463287
1700465749
1700459862
1700463432
1700462690
1700465327
1700463376
1700463685
1700462872
1700465846
1700463025
1700461921
1700463017
1700465385
1700460400
1700462858
1700462974
1700462087
1700459575
1700464133
1700462450
1700464909
1700459991
1700461563
1700461260
1700463357
1700460164
1700462407
1700465111
1700462293
1700465299
1700459639
1700461794
1700461703
1700461595
1700464821
1700462220
1700461130
1700465891
1700460762
1700462603
1700465224
1700466146
1700465801
1700464315
1700464805
1700463113
1700460846
1700463063
1700462466
1700464095
1700461124
1700464323
1700464260
1700459671
1700464252
1700464043
1700459678
1700465125
1700463082
1700461007
1700463178
1700461077
1700461004
1700465741
1700462884
1700462248
1700463095
1700459821
1700464349
1700461129
1700465771
1700459305
1700461535
1700460545
1700462628
1700463635
1700465531
1700460243
1700464944
1700462724
1700464624
1700462313
1700462651
1700463555
1700465986
1700463842
1700466171
1700464383
1700459179
1700459178
1700465864
1700462076
1700464510
1700459536
1700465215
1700459395
1700463163
1700462420
1700464593
1700461117
1700462188
1700460761
1700463571
1700461830
1700464467
1700461639
1700462902
1700459641
1700463515
1700462053
1700465785
1700460743
1700463860
1700463739
1700465750
1700460378
1700461808
1700461980
1700463698
1700462750
1700462356
1700463633
1700460809
1700463496
1700461683
1700461199
1700462535
1700464996
1700465691
1700462473
1700462601
1700459827
1700465727
1700465468
1700463545
1700461347
1700465797
1700462639
1700463992
1700464866
1700461684
1700463697
1700459517
1700464893
1700462094
1700461543
1700462485
1700465627
1700466048
1700460611
1700462959
1700463321
1700465793
1700465080
1700462303
1700459978
1700466216
1700465130
1700462658
1700460830
1700459278
1700461904
1700460142
1700462453
1700459343
1700461114
1700463570
1700463369
1700465162
1700464995
1700462308
1700461559
1700460616
1700463677
1700463878
1700459663
1700463788
1700466078
1700465254
1700463375
1700465157
1700459644
1700461542
1700464460
1700462237
1700459320
1700460271
1700465598
1700465997
1700464628
1700465320
1700463707
1700463395
1700463249
1700459539
1700463423
1700465685
1700466123
1700464150
1700461083
1700465396
1700459426
1700459614
1700463769
1700459634
1700460767
1700460356
1700459974
1700466201
1700466230
1700462131
1700460173
1700459784
1700461737
1700464641
1700463135
1700464720
1700459556
1700465153
1700464982
1700463529
1700460862
1700464553
1700462591
1700466041
1700465290
1700461148
1700462794
1700461159
1700465949
1700459958
1700465582
1700462440
1700459996
1700464390
1700466172
1700459504
1700463617
1700461951
1700459872
1700465134
1700464135
1700463179
1700459155
1700465270
1700462874
1700464886
1700460276
1700462327
1700463591
1700463088
1700459481
1700462669
1700465150
1700463884
1700464054
1700462257
1700463620
1700459702
1700462837
1700465857
1700462196
1700459848
1700463087
1700464824
1700464245
1700459949
1700463903
1700464454
1700463487
1700459649
1700466095
1700466045
1700462602
1700461357
1700465330
1700459568
1700463121
1700466024
1700461599
1700463317
1700463864
1700464518
1700459326
1700463195
1700465292
1700462819
1700466162
1700464640
1700464435
1700462522
1700462520
1700462370
1700459993
1700461698
1700463837
1700461851
1700462065
1700463143
1700466091
1700459691
1700465882
1700462998
1700462918
1700464048
1700465568
1700464734
1700462123
1700462030
1700465276
1700465073
1700463630
1700460726
1700459224
1700462163
1700460789
1700460525
1700463724
1700464088
1700462266
1700464220
1700464614
1700462598
1700459879
1700464937
1700463160
1700462056
1700462889
1700460854
1700459537
1700460003
1700463480
1700462912
1700460467
1700463838
1700462911
1700462744
1700460885
1700460129
1700465634
1700463897
1700462676
1700465835
1700463353
1700463114
1700459357
1700464631
1700465505
1700465485
1700464170
1700461755
1700462553
1700465101
1700463581
1700460144
1700461097
1700463052
1700465384
1700464341
1700465994
1700459572
1700462269
1700465076
1700459479
1700459444
1700461056
1700464531
1700460680
1700465158
1700464858
1700465269
1700464591
1700461937
1700460083
1700459473
1700459749
1700460793
1700464457
1700464540
1700463841
1700460331
1700465280
1700465243
1700459204
1700461213
1700461191
1700464191
1700459331
1700461716
1700459219
1700464159
1700464810
1700461520
1700465787
1700465404
1700464003
1700463057
1700461832
1700460609
1700459560
1700460664
1700463258
1700462983
1700461238
1700460093
1700465255
1700464021
1700459220
1700459932
1700463840
1700465960
1700459477
1700463563
1700464767
1700462118
1700462414
1700463224
1700459700
1700462089
1700465368
1700461675
1700463580
1700461729
1700464177
1700462672
1700463883
1700466028
1700462720
1700460712
1700459271
1700465713
1700464717
1700465978
1700461160
1700463282
1700459865
1700459684
1700460203
1700461317
1700461322
1700462203
1700459523
1700464148
1700462557
1700464166
1700460730
1700466178
1700462212
1700465494
1700465184
1700461585
1700462307
1700461985
1700464578
1700460574
1700463924
1700464758
1700465911
1700459557
1700466068
1700465024
1700465945
1700460539
1700463594
1700465120
1700465611
1700465983
1700463488
1700465415
1700462444
1700463958
1700466207
1700460110
1700459800
1700461498
1700460688
1700459841
1700460876
1700461222
1700461608
1700465093
1700459532
1700465973
1700459833
1700463564
1700464515
1700463403
1700459778
1700464572
1700466175
1700464884
1700464098
1700463661
1700461912
1700465709
1700462250
1700465133
1700466133
1700462605
1700465730
1700465620
1700461334
1700465301
1700463303
1700461273
1700461332
1700465108
1700464906
1700462126
1700463406
1700462253
1700465146
1700459692
1700459665
1700465693
1700462168
1700462667
1700465424
1700461044
1700465501
1700465700
1700464073
1700465855
1700462501
1700464528
1700459460
1700465692
1700463340
1700462443
1700459297
1700463147
1700460484
1700460999
1700460324
1700464175
1700459347
1700461740
1700461906
1700464441
1700465639
1700459970
1700461417
1700460647
1700464047
1700465103
1700459971
1700460090
1700461545
1700465483
1700463642
1700465135
1700460533
1700461617
1700464301
1700464840
1700462505
1700459177
1700465964
1700466126
1700460832
1700459480
1700463139
1700465481
1700463210
1700461228
1700463610
1700461198
1700459398
1700464228
1700462294
1700464291
1700459676
1700461011
1700465453
1700460872
1700462982
1700460260
1700464270
1700461736
1700461919
1700465294
1700465603
1700459796
1700462146
1700464134
1700462062
1700459912
1700465070
1700459622
1700463215
1700466052
1700465667
1700461670
1700462534
1700463206
1700461624
1700461192
1700464231
1700465825
1700460669
1700465361
1700463199
1700462619
1700463344
1700460969
1700461327
1700459186
1700463101
1700463537
1700463651
1700465929
1700465765
1700459635
1700460760
1700462584
1700463297
1700463576
1700461261
1700463989
1700465366
1700464142
1700460949
1700463100
1700465064
1700459952
1700463202
1700462909
1700463079
1700465141
1700464514
1700460657
1700465063
1700465410
1700463615
1700460376
1700461269
1700465758
1700464788
1700464506
1700464299
1700460558
1700462010
1700462761
1700464407
1700463943
1700462951
1700460208
1700464018
1700463286
1700463853
1700464077
1700463809
1700462282
1700464659
1700463164
1700459882
1700459883
1700464356
1700464084
1700465596
1700465523
1700463549
1700461552
1700465467
1700460603
1700464731
1700463301
1700462173
1700460527
1700459176
1700464051
1700461415
1700460817
1700463680
1700462781
1700464076
1700465737
1700462305
1700461028
1700465293
1700464237
1700465315
1700465324
1700461499
1700462461
1700459615
1700460321
1700465129
1700465220
1700464813
1700465848
1700461749
1700460201
1700460968
1700459393
1700466192
1700459707
1700460741
1700462200
1700463332
1700459798
1700465054
1700465885
1700463461
1700463165
1700460505
1700460188
1700460780
1700465375
1700460805
1700461885
1700465546
1700463239
1700460536
1700459791
1700464718
1700460863
1700461798
1700461929
1700465021
1700462839
1700460641
1700462125
1700463761
1700462309
1700460715
1700463973
1700459309
1700460833
1700460391
1700463785
1700465995
1700460028
1700465155
1700463820
1700465015
1700463470
1700465729
1700460461
1700465038
1700460615
1700465755
1700460308
1700460354
1700459563
1700459725
1700465282
1700459856
1700465671
1700462034
1700463719
1700463386
1700462916
1700460341
1700462137
1700464919
1700464058
1700464700
1700464633
1700459189
1700464361
1700461089
1700461801
1700461881
1700463873
1700462877
1700459330
1700465638
1700460938
1700464353
1700464436
1700462593
1700459169
1700462445
1700463402
1700459984
1700463416
1700464224
1700463896
1700461307
1700465830
1700464590
1700460955
1700461551
1700465253
1700460229
1700460758
1700464670
1700463546
1700464450
1700463505
1700465445
1700462502
1700460998
1700465586
1700461984
1700463475
1700465900
1700461209
1700462526
1700460773
1700459681
1700462108
1700460882
1700463908
1700463695
1700463645
1700462396
1700462697
1700465019
1700459325
1700465082
1700462644
1700464757
1700464819
1700459488
1700462888
1700463780
1700460058
1700460098
1700464962
1700462037
1700461001
1700464922
1700464230
1700461791
1700460511
1700462456
1700464060
1700459780
1700462260
1700460428
1700462043
1700462785
1700464512
1700465121
1700463234
1700459446
1700459812
1700459987
1700464108
1700460069
1700459915
1700465170
1700465025
1700465962
1700465261
1700461825
1700465516
1700462691
1700460030
1700464071
1700460303
1700461871
1700463351
1700459187
1700459351
1700460009
1700464312
1700463491
1700461502
1700463071
1700463383
1700462597
1700459282
1700464358
1700461550
1700459694
1700460933
1700465460
1700465735
1700461193
1700461746
1700460448
1700461930
1700462486
1700462977
1700464059
1700461750
1700459329
1700463463
1700461267
1700465570
1700461646
1700462825
1700459598
1700460839
1700463629
1700464546
1700464716
1700466009
1700459973
1700462004
1700465408
1700463387
1700461687
1700462115
1700462934
1700461829
1700463359
1700463844
1700462530
1700460584
1700465821
1700465687
1700464951
1700459363
1700464300
1700466085
1700463599
1700464582
1700461197
1700462347
1700459392
1700461602
1700465977
1700464655
1700465833
1700459308
1700461795
1700465112
1700464711
1700464451
1700460313
1700466093
1700463096
1700465288
1700459661
1700465084
1700464930
1700460334
1700464602
1700460644
1700463762
1700459776
1700463323
1700459321
1700464541
1700462680
1700465204
1700464326
1700463965
1700461836
1700459313
1700464802
1700464879
1700465107
1700459516
1700460431
1700465553
1700464945
1700466213
1700462066
1700459717
1700465074
1700465681
1700459314
1700466224
1700459401
1700463037
1700465465
1700462324
1700465429
1700465428
1700460723
1700465593
1700465908
1700462357
1700462077
1700460112
1700465066
1700460550
1700464891
1700462210
1700462348
1700464288
1700465452
1700463481
1700459608
1700465549
1700461814
1700463341
1700463330
1700463111
1700459759
1700459855
1700464167
1700462435
1700464987
1700463623
1700461722
1700461622
1700463428
1700465575
1700463018
1700461699
1700465202
1700464005
1700459817
1700465258
1700463600
1700460344
1700459822
1700462383
1700462569
1700463379
1700461292
1700462372
1700459582
1700459836
1700463839
1700461820
1700459333
1700465031
1700464038
1700462298
1700463401
1700466183
1700459439
1700460456
1700462316
1700464749
1700460373
1700461613
1700460105
1700464948
1700464197
1700464248
1700460783
1700463045
1700465418
1700459851
1700464617
1700464550
1700459962
1700463601
1700460486
1700461726
1700462798
1700462003
1700463104
1700465186
1700463835
1700460358
1700460043
1700463131
1700462579
1700461454
1700465263
1700463472
1700460811
1700462424
1700465883
1700461714
1700465675
1700465778
1700460814
1700461600
1700462554
1700463972
1700460935
1700463863
1700462388
1700461057
1700466116
1700460803
1700462957
1700465991
1700460151
1700462205
1700460264
1700461151
1700465359
1700464732
1700465246
1700462373
1700465268
1700465271
1700462182
1700461078
1700460166
1700464126
1700462451
1700465257
1700464254
1700462885
1700460919
1700462235
1700460923
1700464067
1700460630
1700464527
1700464444
1700464193
1700461950
1700462560
1700463728
1700465193
1700466032
1700462614
1700462073
1700464851
1700460859
1700465874
1700460893
1700464895
1700463449
1700461026
1700465521
1700463638
1700459988
1700463038
1700459875
1700459648
1700463149
1700462698
1700465374
1700464841
1700463932
1700462323
1700465850
1700461605
1700460167
1700462548
1700462369
1700464742
1700462751
1700461879
1700462439
1700459509
1700463299
1700461627
1700462038
1700461536
1700460686
1700463404
1700464050
1700461990
1700460658
1700464304
1700463099
1700463742
1700463988
1700459963
1700460163
1700463798
1700465552
1700465740
1700459245
1700463366
1700459207
1700460333
1700465458
1700460015
1700463672
1700459360
1700465849
1700463668
1700465717
1700465477
1700462233
1700460327
1700462464
1700461964
1700464784
1700462179
1700463759
1700463229
1700460668
1700461203
1700464671
1700465221
1700464379
1700464087
1700464161
1700465352
1700464586
1700459938
1700462964
1700463227
1700462290
1700460614
1700466036
1700459892
1700464914
1700466223
1700465240
1700463343
1700461789
1700461931
1700460648
1700460345
1700465640
1700464437
1700464759
1700461815
1700466057
1700461110
1700461531
1700463540
1700461234
1700459738
1700465040
1700463150
1700460812
1700459369
1700459299
1700461847
1700461888
1700465947
1700464401
1700460097
1700462860
1700463434
1700464638
1700460608
1700461630
1700460414
1700463966
1700459642
1700465030
1700460225
1700465207
1700459391
1700464261
1700459701
1700465411
1700464139
1700462897
1700463681
1700461024
1700462949
1700461806
1700461928
1700461810
1700464020
1700462867
1700464664
1700466131
1700460865
1700465968
1700463069
1700462516
1700462568
1700463592
1700464675
1700463295
1700462240
1700465456
1700465656
1700464854
1700465476
1700461123
1700462158
1700464222
1700460722
1700461834
1700461496
1700459754
1700463744
1700461532
1700465510
1700460856
1700462274
1700461560
1700462799
1700460529
1700463336
1700461554
1700459334
1700465378
1700460468
1700462133
1700459408
1700463613
1700464481
1700463569
1700464425
1700464984
1700463725
1700464741
1700461173
1700462283
1700460238
1700466221
1700462805
1700465075
1700466227
1700465443
1700460099
1700465104
1700462016
1700461926
1700460560
1700462264
1700463531
1700466193
1700462408
1700465626
1700465360
1700462802
1700462567
1700461074
1700464915
1700462365
1700461858
1700465278
1700464887
1700460386
1700462828
1700459895
1700460894
1700461242
1700463616
1700464503
1700460936
1700462012
1700459770
1700459730
1700460016
1700462241
1700459521
1700460681
1700464524
1700461939
1700465191
1700460130
1700465817
1700465473
1700462595
1700462950
1700463516
1700462956
1700463679
1700460892
1700461705
1700462954
1700460254
1700464267
1700459946
1700461384
1700462449
1700461976
1700464004
1700465925
1700462820
1700465931
1700461761
1700460864
1700461401
1700463626
1700464204
1700462207
1700460418
1700465731
1700462070
1700461314
1700461206
1700464205
1700459668
1700466067
1700462800
1700461695
1700465423
1700462629
1700461916
1700460540
1700459690
1700461096
1700462546
1700461846
1700459588
1700464081
1700459675
1700463929
1700459406
1700465185
1700464482
1700461561
1700463235
1700463237
1700464604
1700464719
1700464846
1700465454
1700461837
1700463278
1700460728
1700464319
1700466083
1700459324
1700463156
1700462259
1700461747
1700463948
1700464419
1700464538
1700464382
1700460587
1700459202
1700463049
1700461857
1700461653
1700460433
1700465555
1700464650
1700462446
1700459593
1700460195
1700463242
1700461965
1700462927
1700462090
1700462330
1700464424
1700464761
1700460554
1700459713
1700464080
1700464152
1700461955
1700463314
1700461663
1700463805
1700461093
1700464658
1700460023
1700460470
1700461852
1700462344
1700463457
1700461187
1700463302
1700466087
1700461104
1700463328
1700464417
1700464362
1700460542
1700464313
1700463350
1700462836
1700461776
1700460221
1700463072
1700462415
1700463141
1700459653
1700462588
1700460489
1700461915
1700462694
1700463293
1700462788
1700461712
1700459920
1700462058
1700464395
1700464233
1700464522
1700464681
1700464378
1700463365
1700464870
1700463587
1700461995
1700460567
1700462425
1700461085
1700460701
1700460214
1700464100
1700460074
1700460590
1700466196
1700461818
1700465646
1700461792
1700463726
1700462529
1700461227
1700462685
1700462186
1700463136
1700464028
1700464173
1700466130
1700465395
1700463134
1700465297
1700462976
1700465649
1700459274
1700465210
1700464062
1700459710
1700461300
1700463125
1700459910
1700459859
1700463426
1700461005
1700462692
1700465926
1700466176
1700463349
1700459519
1700463953
1700465832
1700462968
1700459928
1700463197
1700464782
1700465897
1700461693
1700464836
1700461544
1700459387
1700462713
1700465936
1700462177
1700463683
1700464318
1700460808
1700465122
1700465188
1700464192
1700463155
1700464848
1700464544
1700461479
1700461828
1700463944
1700462966
1700461105
1700463495
1700462284
1700462589
1700465577
1700463030
1700461890
1700465386
1700465650
1700464221
1700463254
1700462733
1700465788
1700461519
1700464189
1700466106
1700463825
1700462581
1700465613
1700461149
1700462665
1700460138
1700460995
1700461241
1700463646
1700460513
1700462375
1700463493
1700459906
1700463765
1700460419
1700464287
1700459298
1700463183
1700462325
1700464888
1700462403
1700462730
1700463566
1700461614
1700461738
1700465305
1700461786
1700466226
1700463440
1700460453
1700463157
1700466149
1700459650
1700463519
1700464715
1700464882
1700461445
1700459467
1700465132
1700465941
1700463094
1700462544
1700463345
1700465016
1700463245
1700462406
1700465029
1700460255
1700462875
1700465716
1700464276
1700461876
1700461734
1700465665
1700463649
1700466119
1700464367
1700463991
1700461088
1700464500
1700464320
1700462398
1700466157
1700464074
1700465159
1700464775
1700459909
1700462710
1700461809
1700465067
1700461003
1700461587
1700459443
1700461681
1700459173
1700460068
1700460971
1700464151
1700459246
1700460463
1700462318
1700465579
1700461477
1700463358
1700462539
1700461636
1700464727
1700462580
1700462673
1700459831
1700465442
1700464713
1700460822
1700465548
1700462587
1700464120
1700462662
1700465241
1700463950
1700461766
1700462985
1700461804
1700465774
1700461350
1700466168
1700464827
1700459789
1700462328
1700460776
1700461702
1700464584
1700464241
1700465400
1700459922
1700465180
1700464112
1700463604
1700459609
1700465406
1700462130
1700465397
1700461884
1700460393
1700460113
1700464695
1700465260
1700464111
1700464946
1700461674
1700460779
1700465307
1700463494
1700462136
1700461754
1700459208
1700459631
1700464165
1700465471
1700463791
1700463990
1700465834
1700461644
1700460474
1700462578
1700460424
1700460978
1700464039
1700461067
1700465008
1700465686
1700463175
1700465310
1700461647
1700464055
1700460161
1700459533
1700464128
1700459427
1700463138
1700466107
1700464331
1700459835
1700462392
1700461947
1700463326
1700461120
1700465329
1700463904
1700463325
1700460038
1700462147
1700461156
1700460045
1700459716
1700465216
1700465199
1700460855
1700463192
1700459431
1700461135
1700459317
1700459273
1700462007
1700466077
1700463130
1700459465
1700461072
1700464305
1700461457
1700460180
1700464597
1700462459
1700460128
1700465109
1700464938
1700461867
1700462789
1700460813
1700465289
1700460157
1700464852
1700463918
1700463093
1700464596
1700465304
1700464773
1700463001
1700465571
1700466145
1700461908
1700460149
1700463176
1700462898
1700465002
1700464359
1700465760
1700465338
1700460787
1700466170
1700462411
1700462055
1700463122
1700464568
1700464545
1700464957
1700461285
1700465819
1700462715
1700461757
1700461826
1700464493
1700461594
1700459682
1700464576
1700460850
1700461827
1700465808
1700461865
1700462189
1700462532
1700460544
1700463080
1700461375
1700462831
1700465172
1700462059
1700460851
1700460070
1700461458
1700461713
1700462121
1700464776
1700464171
1700462102
1700462329
1700464598
1700464940
1700464290
1700459623
1700460425
1700463003
1700465313
1700465000
1700464476
1700463489
1700463790
1700462570
1700463181
1700463822
1700459902
1700463221
1700462787
1700466059
1700465250
1700463891
1700463392
1700461621
1700465277
1700460996
1700464793
1700463752
1700465748
1700465518
1700461596
1700459290
1700464911
1700466046
1700464232
1700464825
1700461006
1700463712
1700463534
1700463338
1700466035
1700465335
1700461540
1700463269
1700464973
1700463889
1700462511
1700465695
1700461521
1700459773
1700463378
1700465870
1700460452
1700464580
1700464625
1700459541
1700464414
1700459400
1700464329
1700462850
1700463527
1700463993
1700465823
1700464797
1700462915
1700465963
1700465426
1700463632
1700464511
1700461877
1700462489
1700463290
1700464393
1700465050
1700465690
1700462204
1700463892
1700465540
1700463264
1700463894
1700461138
1700462843
1700461751
1700466109
1700461297
1700459782
1700465488
1700460135
1700462559
1700464209
1700461287
1700463067
1700460956
1700461723
1700464611
1700464026
1700463265
1700464801
1700460055
1700459275
1700463716
1700461255
1700465847
1700459715
1700459404
1700465662
1700464743
1700465597
1700463421
1700462280
1700461788
1700459911
1700465420
1700461125
1700465334
1700463984
1700466173
1700464665
1700464722
1700463877
1700463320
1700463907
1700465569
1700460046
1700460493
1700465985
1700463322
1700461772
1700464898
1700463967
1700464387
1700462371
1700465182
1700465136
1700464855
1700460952
1700461993
1700461709
1700459259
1700465539
1700461174
1700459814
1700464642
1700460145
1700462011
1700464637
1700462887
1700462731
1700459904
1700463783
1700462006
1700459888
1700465604
1700459617
1700459760
1700459594
1700463277
1700463024
1700463882
1700465298
1700459658
1700466065
1700462481
1700464040
1700461134
1700461909
1700465097
1700465348
1700464608
1700460210
1700465533
1700462009
1700459283
1700462350
1700459288
1700465273
1700462144
1700465466
1700463703
1700465060
1700460655
1700464427
1700463846
1700462533
1700462187
1700464272
1700461109
1700460747
1700462813
1700465526
1700466066
1700464285
1700463518
1700464094
1700461139
1700464144
1700463619
1700465559
1700459174
1700463880
1700463465
1700460320
1700465674
1700459365
1700462939
1700459852
1700462306
1700464495
1700462268
1700464404
1700460522
1700462255
1700463509
1700465861
1700464461
1700463510
1700460179
1700462616
1700460465
1700464017
1700462157
1700466061
1700462833
1700462036
1700462343
1700465322
1700461745
1700459718
1700462336
1700464317
1700465059
1700459502
1700465405
1700460997
1700464036
1700463170
1700462151
1700460557
1700459774
1700466134
1700460060
1700464229
1700464559
1700460245
1700459540
1700462635
1700459666
1700463168
1700462621
1700464025
1700465561
1700459198
1700461730
1700460246
1700464294
1700462476
1700462892
1700459667
1700464606
1700464894
1700461634
1700459307
1700459168
1700462051
1700463690
1700460126
1700462969
1700460594
1700465236
1700459445
1700459302
1700461146
1700459662
1700460472
1700461081
1700463795
1700460158
1700465401
1700460475
1700466206
1700465391
1700465753
1700460272
1700461580
1700463997
1700462428
1700462039
1700460155
1700461500
1700460048
1700461189
1700463977
1700465167
1700461491
1700462592
1700463292
1700466070
1700462973
1700462384
1700465336
1700462475
1700461217
1700461897
1700465999
1700465669
1700463203
1700463968
1700460804
1700460802
1700463922
1700459567
1700464644
1700459985
1700466115
1700463467
1700461095
1700463283
1700464763
1700463454
1700459596
1700462849
1700461641
1700465357
1700459763
1700462491
1700464092
1700465441
1700462265
1700464001
1700463836
1700459613
1700461732
1700464668
1700463886
1700465403
1700462312
1700460843
1700459897
1700464181
1700463767
1700463637
1700466214
1700466033
1700459322
1700465316
1700463098
1700460476
1700459433
1700462623
1700462999
1700460385
1700463548
1700465955
1700460242
1700464740
1700464952
1700459243
1700465508
1700463410
1700461038
1700461780
1700462641
1700461406
1700463219
1700461924
1700464116
1700463995
1700463582
1700462238
1700466049
1700466181
1700460770
1700459804
1700465752
1700465724
1700463382
1700459616
1700464561
1700460848
1700464385
1700464010
1700465160
1700459569
1700460754
1700464651
1700460459
1700465806
1700463732
1700465680
1700465699
1700460193
1700460363
1700464812
1700460794
1700465542
1700459899
1700459709
1700461155
1700463779
1700464046
1700462495
1700461107
1700461763
1700460291
1700465756
1700463053
1700463324
1700461190
1700462955
1700465576
1700465583
1700461340
1700465574
1700459758
1700462996
1700464843
1700464448
1700462563
1700464277
1700459630
1700463653
1700459775
1700463807
1700460988
1700459323
1700459790
1700461838
1700460592
1700460502
1700460346
1700459256
1700459500
1700461848
1700462068
1700459803
1700465451
1700463355
1700462337
1700459456
1700459286
1700461760
1700463315
1700460659
1700463433
1700461345
1700460215
1700465331
1700464563
1700463429
1700462358
1700463418
1700464968
1700463773
1700462855
1700461863
1700459356
1700462518
1700463010
1700461735
1700465952
1700459823
1700459514
1700462801
1700464249
1700464502
1700466212
1700461661
1700463676
1700465653
1700464755
1700460442
1700464053
1700460551
1700460466
1700463289
1700466071
1700464963
1700459652
1700464278
1700465265
1700461819
1700465459
1700465606
1700464639
1700464057
1700461654
1700464119
1700460115
1700461799
1700461169
1700464751
1700462244
1700460820
1700464683
1700462209
1700462933
1700464961
1700466167
1700465308
1700462832
1700459618
1700462755
1700461784
1700464536
1700462838
1700459825
1700459352
1700465362
1700462119
1700460366
1700464459
1700463231
1700465759
1700461308
1700460189
1700464342
1700464104
1700462231
1700464153
1700465696
1700459998
1700465664
1700463329
1700464587
1700464583
1700459959
1700464141
1700462607
1700465974
1700463445
1700464654
1700462742
1700465110
1700465498
1700463514
1700464340
1700463262
1700463755
1700464155
1700464771
1700460143
1700460181
1700462818
1700465412
1700463103
1700464772
1700464462
1700462421
1700459896
1700464971
1700460440
1700463955
1700463996
1700461012
1700461668
1700460501
1700460660
1700465164
1700459503
1700460790
1700465004
1700463895
1700463255
1700462763
1700461979
1700463385
1700463885
1700464929
1700464560
1700461265
1700465252
1700461708
1700465976
1700461972
1700463123
1700466084
1700465351
1700462041
1700464012
1700462917
1700465507
1700464645
1700459737
1700466198
1700462821
1700460600
1700464124
1700460724
1700463749
1700464235
1700461539
1700464405
1700463951
1700462267
1700464826
1700461346
1700460026
1700460106
1700461660
1700461339
1700463568
1700459685
1700463477
1700464446
1700464513
1700459964
1700464118
1700459837
1700462230
1700464293
1700459312
1700461112
1700463502
1700463411
1700464860
1700465078
1700461053
1700465766
1700460667
1700461887
1700465668
1700463211
1700460646
1700460707
1700459301
1700461696
1700460708
1700464114
1700463091
1700461530
1700461996
1700464694
1700462050
1700463912
1700463552
1700464570
1700463056
1700462100
1700460305
1700460409
1700461609
1700466018
1700459916
1700460413
1700462637
1700465318
1700463066
1700464609
1700462509
1700461581
1700460244
1700465437
1700459843
1700463205
1700464090
1700460222
1700459591
1700462638
1700462506
1700464234
1700465061
1700462122
1700461251
1700464599
1700465581
1700462152
1700460252
1700461102
1700465234
1700462032
1700465605
1700464747
1700465512
1700462944
1700460370
1700462271
1700459838
1700460196
1700462393
1700461106
1700465628
1700461925
1700464162
1700466114
1700461774
1700465012
1700464750
1700463274
1700461240
1700462341
1700462148
1700465183
1700464926
1700459908
1700460148
1700460487
1700459386
1700462848
1700464636
1700462492
1700459670
1700459832
1700464306
1700465794
1700465398
1700463460
1700465383
1700463028
1700460017
1700466141
1700462583
1700459913
1700463118
1700460844
1700461671
1700465751
1700462696
1700459981
1700460619
1700459462
1700459339
1700460430
1700463857
1700459712
1700465839
1700464279
1700462431
1700463625
1700465610
1700461045
1700465980
1700466043
1700465721
1700463656
1700465057
1700461689
1700459655
1700463730
1700465719
1700460170
1700462272
1700465279
1700461620
1700464605
1700463910
1700465654
1700465105
1700461765
1700465085
1700461397
1700461961
1700465168
1700462615
1700463731
1700461944
1700464022
1700462448
1700464701
1700461868
1700461154
1700463152
1700462859
1700463960
1700459221
1700462071
1700463847
1700459994
1700465337
1700462247
1700463906
1700459983
1700460749
1700465661
1700461402
1700464844
1700460402
1700464344
1700459332
1700466103
1700463257
1700461054
1700460671
1700464862
1700465957
1700465550
1700464551
1700465909
1700462882
1700463119
1700463538
1700459592
1700466105
1700462594
1700460823
1700462879
1700465558
1700464440
1700462826
1700461451
1700461082
1700461998
1700461230
1700462484
1700462150
1700462221
1700466184
1700463007
1700460835
1700463639
1700460086
1700464497
1700465587
1700464555
1700466003
1700464421
1700463550
1700463893
1700462740
1700459528
1700460887
1700464635
1700459878
1700463856
1700464853
1700460176
1700464015
1700460578
1700464035
1700466075
1700466056
1700461994
1700465739
1700465300
1700463523
1700462128
1700463827
1700459257
1700464907
1700461286
1700460347
1700460943
1700460390
1700464748
1700461032
1700460670
1700460693
1700460581
1700462185
1700461721
1700464392
1700465482
1700461899
1700460319
1700463804
1700462096
1700460108
1700465347
1700459154
1700461215
1700462648
1700465094
1700461843
1700465227
1700464212
1700465607
1700462650
1700465058
1700464487
1700463905
1700465625
1700462599
1700459917
1700461565
1700465796
1700464007
1700460137
1700464394
1700465065
1700460886
1700462723
1700464206
1700466025
1700461075
1700466117
1700461041
1700464309
1700462362
1700465181
1700460725
1700461511
1700463748
1700461566
1700464458
1700464282
1700462971
1700465432
1700462822
1700459688
1700463188
1700463583
1700463777
1700463834
1700461933
1700465228
1700462517
1700462215
1700459167
1700466005
1700461164
1700463682
1700462296
1700465190
1700463573
1700466199
1700463485
1700463399
1700461882
1700460100
1700464463
1700464656
1700459893
1700459547
1700461168
1700466219
1700462139
1700461777
1700462116
1700462181
1700461635
1700460702
1700463132
1700459300
1700464876
1700459457
1700461119
1700462462
1700460580
1700461207
1700459166
1700464082
1700461306
1700460454
1700464777
1700462547
1700465425
1700463420
1700463843
1700465651
1700465339
1700462061
1700459248
1700465984
1700463415
1700459253
1700464093
1700462171
1700466020
1700466189
1700462746
1700459611
1700464857
1700463727
1700465011
1700462310
1700462659
1700459646
1700460492
1700460131
1700465898
1700462910
1700463209
1700464629
1700459319
1700461706
1700463246
1700464543
1700462286
1700464389
1700459829
1700459260
1700462339
1700463244
1700461662
1700462795
1700461459
1700461963
1700460339
1700461127
1700459354
1700462552
1700465840
1700464255
1700461974
1700461975
1700462160
1700464215
1700465062
1700464613
1700464302
1700464960
1700463982
1700463006
1700459824
1700463565
1700461055
1700461343
1700463784
1700463851
1700463787
1700460571
1700462967
1700465659
1700464445
1700461235
1700461685
1700460849
1700461010
1700466148
1700464208
1700462663
1700464811
1700462804
1700464103
1700460559
1700460177
1700463455
1700465652
1700464868
1700462206
1700460588
1700463086
1700462478
1700461862
1700463002
1700463232
1700466079
1700465658
1700462302
1700465091
1700464273
1700465496
1700464845
1700463823
1700460410
1700462345
1700464147
1700465663
1700462863
1700464466
1700463971
1700462612
1700461945
1700461278
1700465867
1700459263
1700465809
1700460031
1700462300
1700464169
1700465407
1700462360
1700464579
1700464842
1700463177
1700459414
1700463662
1700464994
1700465005
1700465524
1700463976
1700460951
1700463745
1700463584
1700460746
1700462991
1700465259
1700462931
1700460037
1700462899
1700461495
1700460720
1700464942
1700460515
1700462937
1700459986
1700461583
1700464439
1700464471
1700463442
1700459342
1700459362
1700465880
1700460389
1700462738
1700463597
1700462387
1700466215
1700466222
1700461118
1700462606
1700461219
1700460481
1700461822
1700463124
1700462841
1700463607
1700460147
1700460059
1700459200
1700464900
1700465469
1700462361
1700463216
1700461086
1700463980
1700462412
1700459607
1700465633
1700463969
1700466062
1700465230
1700462098
1700466001
1700459429
1700462117
1700461813
1700463723
1700459768
1700460420
1700462107
1700460200
1700461210
1700459491
1700465449
1700462854
1700466051
1700463578
1700460154
1700460025
1700463396
1700460706
1700460342
1700459151
1700461659
1700463409
1700461956
1700461612
1700465529
1700459466
1700463987
1700464110
1700464198
1700462780
1700460094
1700464129
1700461101
1700464932
1700464933
1700464433
1700460473
1700465440
1700466038
1700463419
1700460374
1700459785
1700465776
1700461558
1700462824
1700459699
1700463757
1700463337
1700463116
1700462880
1700460857
1700462895
1700465544
1700463360
1700465124
1700460047
1700459291
1700465927
1700462558
1700464730
1700462447
1700465644
1700465802
1700460993
1700460541
1700460759
1700460406
1700461856
1700463667
1700465052
1700461603
1700460752
1700464620
1700465757
1700460194
1700461022
1700460232
1700459558
1700462299
1700464211
1700463763
1700465630
1700463364
1700464601
1700460159
1700465591
1700465723
1700464052
1700462979
1700460552
1700459199
1700462661
1700465779
1700463934
1700465632
1700459606
1700465379
1700460528
1700462519
1700460764
1700462080
1700464350
1700463065
1700463047
1700460052
1700463867
1700463241
1700459945
1700463468
1700459394
1700464935
1700459766
1700462035
1700465872
1700462180
1700464756
1700461275
1700460829
1700461456
1700462978
1700459969
1700463412
1700462631
1700459889
1700465935
1700462022
1700462174
1700462536
1700464573
1700459936
1700461593
1700461310
1700462932
1700466159
1700459767
1700463824
1700463054
1700463975
1700465525
1700463855
1700462527
1700464594
1700462666
1700464979
1700460050
1700463852
1700461903
1700464738
1700463161
1700462044
1700459527
1700463397
1700461541
1700462550
1700459420
1700459818
1700463781
1700464649
1700460538
1700464786
1700465520
1700460330
1700462988
1700463713
1700463850
1700464547
1700461333
1700460841
1700463606
1700465462
1700465499
1700459407
1700460627
1700461878
1700461411
1700461131
1700460954
1700463946
1700464075
1700464292
1700460774
1700461589
1700463223
1700463331
1700464869
1700459276
1700461247
1700459672
1700460482
1700464101
1700463925
1700461455
1700460979
1700459185
1700462574
1700462765
1700461020
1700460404
1700465711
1700459956
1700465886
1700465239
1700461842
1700462138
1700461231
1700461040
1700463035
1700461694
1700459870
1700459840
1700465564
1700462989
1700461667
1700466104
1700464818
1700461790
1700466081
1700460796
1700461548
1700464452
1700463782
1700460270
1700459449
1700462426
1700465943
1700464677
1700460675
1700462561
1700464901
1700462097
1700464065
1700464667
1700459551
1700462748
1700463512
1700463174
1700459545
1700461942
1700462806
1700462263
1700464259
1700459689
1700464363
1700464223
1700460825
1700461891
1700463811
1700460263
1700459578
1700463133
1700462727
1700461069
1700462019
1700464787
1700466008
1700462846
1700464225
1700464872
1700460714
1700459590
1700463417
1700463388
1700464488
1700464256
1700462960
1700464653
1700462223
1700463942
1700463319
1700464567
1700461218
1700463036
1700462109
1700459518
1700465344
1700462500
1700465517
1700462311
1700462218
1700465461
1700461637
1700464380
1700463137
1700459967
1700465769
1700460304
1700463875
1700460139
1700459526
1700460310
1700463696
1700462342
1700461158
1700460150
1700460077
1700465205
1700462161
1700465087
1700459459
1700462712
1700463186
1700461914
1700461305
1700464880
1700462842
1700460676
1700461680
1700464238
1700461282
1700460778
1700463794
1700463362
1700465921
1700459571
1700459316
1700464867
1700460853
1700459757
1700463107
1700464508
1700460146
1700460719
1700460915
1700463015
1700464530
1700459873
1700462737
1700465439
1700462683
1700464131
1700462732
1700465648
1700461873
1700462652
1700462722
1700463185
1700463256
1700462700
1700465988
1700465845
1700460000
1700460101
1700464269
1700462699
1700464072
1700459990
1700459450
1700459669
1700460162
1700463146
1700463218
1700462609
1700463083
1700462422
1700464183
1700460190
1700464859
1700459807
1700463627
1700463207
1700460678
1700461946
1700460677
1700462317
1700461651
1700460485
1700463793
1700463084
1700465609
1700459530
1700463075
1700460311
1700463621
1700462975
1700460057
1700459424
1700464585
1700462261
1700462124
1700459512
1700462796
1700464070
1700465491
1700460687
1700460786
1700463013
1700461051
1700459921
1700459815
1700465784
1700463260
1700466086
1700465982
1700463414
1700464388
1700465689
1700465712
1700461115
1700465954
1700464013
1700464409
1700459252
1700464850
1700464102
1700461883
1700461316
1700461534
1700465069
1700462211
1700462405
1700459487
1700461167
1700466053
1700463012
1700459934
1700459816
1700460810
1700462834
1700464562
1700465275
1700464045
1700462816
1700460766
1700462386
1700459654
1700460075
1700464535
1700465996
1700464456
1700460012
1700462142
1700465509
1700461256
1700463182
1700462359
1700464837
1700463446
1700460546
1700465201
1700465044
1700461844
1700460013
1700464917
1700465795
1700465046
1700459979
1700465446
1700462477
1700461068
1700460192
1700459461
1700462984
1700461304
1700464332
1700461165
1700462452
1700464426
1700465660
1700459777
1700463801
1700465538
1700462809
1700464400
1700459543
1700461895
1700464835
1700459693
1700460426
1700460348
1700463039
1700465427
1700459421
1700462145
1700463159
1700461724
1700466177
1700464174
1700463089
1700461756
1700461959
1700459844
1700463271
1700461233
1700459337
1700462021
1700464921
1700459842
1700463666
1700461296
1700463901
1700464875
1700463561
1700463532
1700463556
1700460241
1700463671
1700463310
1700460929
1700465291
1700463389
1700464257
1700461014
1700462279
1700462992
1700462929
1700463631
1700463090
1700466110
1700462213
1700459303
1700463208
1700462170
1700465998
1700463405
1700462745
1700460073
1700461276
1700460570
1700464692
1700464746
1700461202
1700460900
1700463766
1700462024
1700463928
1700464798
1700459943
1700464099
1700464554
1700463162
1700463354
1700463499
1700464412
1700461079
1700462556
1700459383
1700465746
1700462952
1700462242
1700464985
1700459524
1700462709
1700462865
1700464160
1700460127
1700461252
1700465017
1700461259
1700463212
1700462808
1700461816
1700463120
1700462913
1700462374
1700460432
1700461807
1700461145
1700460815
1700462391
1700465514
1700461466
1700460633
1700460753
1700465707
1700463831
1700464336
1700462946
1700460062
1700460623
1700461176
1700465435
1700462467
1700464600
1700459346
1700464673
1700461385
1700462862
1700465100
1700461629
1700464849
1700461186
1700464490
1700465090
1700461758
1700462890
1700464286
1700465905
1700462861
1700464908
1700459687
1700466034
1700459620
1700465636
1700460362
1700462251
1700462582
1700461019
1700463298
1700462085
1700465475
1700461977
1700465317
1700463456
1700464864
1700460816
1700462923
1700464264
1700465032
1700459660
1700461962
1700465720
1700463954
1700460982
1700463450
1700463858
1700463957
1700459947
1700464517
1700464918
1700460435
1700464974
1700465959
1700463074
1700463614
1700463740
1700465018
1700464496
1700462752
1700459247
1700465119
1700464785
1700463939
1700461318
1700461823
1700460612
1700465933
1700465824
1700462249
1700459295
1700462630
1700465436
1700465562
1700463654
1700462319
1700459385
1700459637
1700460498
1700463076
1700461601
1700463521
1700465303
1700462335
1700465272
1700463854
1700465860
1700462190
1700459489
1700461144
1700461697
1700464679
1700459926
1700464168
1700463789
1700465197
1700460651
1700463530
1700463970
1700460852
1700460599
1700462660
1700463721
1700465198
1700464685
1700465946
1700464105
1700460019
1700463937
1700460883
1700462086
1700465951
1700462295
1700460184
1700461002
1700463009
1700460008
1700459722
1700460250
1700462941
1700460531
1700464464
1700459927
1700460021
1700460121
1700462219
1700459703
1700462132
1700465635
1700465899
1700463706
1700465904
1700465655
1700464195
1700463220
1700460711
1700465970
1700459705
1700463501
1700464339
1700459741
1700464871
1700462334
1700459980
1700464376
1700461529
1700462239
1700463870
1700465705
1700460626
1700460198
1700460332
1700461678
1700463743
1700464712
1700465409
1700461538
1700464817
1700463964
1700460469
1700464347
1700464990
1700464274
1700463952
1700463701
1700461875
1700465447
1700466139
1700466185
1700465284
1700459809
1700461957
1700462891
1700465829
1700460371
1700463296
1700460845
1700464468
1700465676
1700460134
1700460207
1700463673
1700461492
1700460081
1700461557
1700463978
1700466203
1700465023
1700466220
1700465051
1700464516
1700464980
1700465852
1700461631
1700460292
1700462354
1700461748
1700462129
1700460643
1700463541
1700459180
1700459885
1700465979
1700466129
1700463462
1700460041
1700464769
1700465346
1700459905
1700463180
1700464912
1700462287
1700461143
1700459280
1700463041
1700464024
1700463830
1700465866
1700460185
1700464557
1700465831
1700463936
1700464698
1700466023
1700466026
1700465285
1700461640
1700463776
1700464163
1700462367
1700464431
1700462900
1700463005
1700460217
1700464430
1700463764
1700460700
1700461527
1700464068
1700464924
1700460141
1700464883
1700463876
1700464904
1700464113
1700465034
1700465144
1700460831
1700465798
1700466160
1700465413
1700464442
1700465020
1700460518
1700465619
1700463994
1700459929
1700465827
1700465455
1700461061
1700459900
1700464595
1700466016
1700462878
1700459995
1700464203
1700462649
1700464834
1700463361
1700464398
1700465013
1700464014
1700463275
1700460429
1700462930
1700460523
1700462668
1700459600
1700462508
1700461983
1700459677
1700462653
1700460224
1700462928
1700465578
1700465399
1700465068
1700460583
1700463913
1700462576
1700465354
1700463482
1700464839
1700461753
1700465114
1700464325
1700464972
1700463868
1700459403
1700461302
1700462503
1700462355
1700460375
1700462771
1700464416
1700465770
1700463567
1700460447
1700464486
1700462779
1700461564
1700463280
1700464504
1700459673
1700465697
1700462817
1700465137
1700465971
1700460022
1700465504
1700463547
1700462049
1700462381
1700462013
1700465677
1700463574
1700464443
1700464455
1700461293
1700461000
1700459510
1700461489
1700462040
1700465938
1700461911
1700461116
1700463504
1700465177
1700464061
1700464413
1700462541
1700462389
1700463746
1700464179
1700460694
1700463659
1700464044
1700463022
1700462886
1700464739
1700465950
1700465486
1700464085
1700465115
1700465126
1700463699
1700461610
1700462321
1700461525
1700464768
1700459242
1700462575
1700463926
1700463710
1700464861
1700465708
1700462762
1700462551
1700464885
1700462540
1700464774
1700460233
1700463622
1700465232
1700465036
1700461092
1700465903
1700463756
1700462512
1700463693
1700463919
1700461140
1700462216
1700465264
1700459587
1700462301
1700462756
1700465990
1700462114
1700464188
1700464916
1700464321
1700464539
1700460873
1700462782
1700466069
1700463029
1700463059
1700462183
1700465208
1700459470
1700463497
1700464674
1700463551
1700461413
1700459830
1700462961
1700461711
1700465056
1700463981
1700460705
1700461960
1700462192
1700464042
1700460480
1700460239
1700464610
1700460064
1700462480
1700460124
1700465643
1700464199
1700459371
1700459306
1700459610
1700464469
1700462646
1700460784
1700464479
1700461677
1700465039
1700462776
1700460089
1700460063
1700464705
1700464186
1700464770
1700460171
1700462164
1700461493
1700463734
1700464873
1700465761
1700464373
1700462942
1700459890
1700462613
1700459887
1700460168
1700460690
1700461142
1700463347
1700459468
1700460388
1700460042
1700459597
1700464370
1700460213
1700462454
1700463657
1700463391
1700465642
1700465714
1700466097
1700460302
1700464296
1700464472
1700461344
1700463862
1700459415
1700462566
1700462106
1700462252
1700459584
1700459552
1700459428
1700466054
1700464420
1700462970
1700462721
1700465928
1700464707
1700465140
1700463648
1700464589
1700464970
1700460322
1700460004
1700459353
1700463384
1700466021
1700459358
1700459534
1700463490
1700463609
1700462803
1700463947
1700462671
1700466191
1700464622
1700465792
1700465417
1700464592
1700463026
1700463513
1700460211
1700461212
1700463688
1700460534
1700461665
1700460579
1700463266
1700461880
1700465953
1700463270
1700465433
1700464447
1700465151
1700465166
1700464783
1700463751
1700464566
1700461759
1700463284
1700462064
1700459589
1700462905
1700461225
1700466002
1700463814
1700460768
1700464434
1700461679
1700459989
1700464736
1700465992
1700465394
1700462214
1700462847
1700462636
1700459961
1700459891
1700460117
1700464988
1700462864
1700463027
1700460613
1700461762
1700462869
1700463775
1700462338
1700463945
1700462701
1700462896
1700461220
1700461992
1700459733
1700465631
1700460866
1700465876
1700466182
1700459434
1700459372
1700460219
1700463368
1700463253
1700465472
1700459696
1700466228
1700466088
1700463979
1700459364
1700466019
1700464874
1700462783
1700463435
1700464978
1700462297
1700464816
1700462572
1700459923
1700459475
1700463517
1700464896
1700461555
1700463899
1700462835
1700461452
1700459409
1700462246
1700465117
1700459706
1700465543
1700463636
1700460460
1700465799
1700462153
1700465773
1700465414
1700464086
1700463920
1700460096
1700463370
1700465969
1700460382
1700464754
1700459585
1700460103
1700464242
1700462285
1700460934
1700460204
1700465736
1700462670
1700459657
1700459695
1700460606
1700465377
1700463196
1700464032
1700465295
1700463109
1700459643
1700460521
1700462243
1700464056
1700463797
1700459871
1700463900
1700460343
1700461633
1700466135
1700465566
1700460027
1700459659
1700459188
1700464890
1700460656
1700460251
1700464016
1700464689
1700460697
1700459349
1700465920
1700461137
1700462791
1700459732
1700461172
1700463879
1700462538
1700462705
1700464822
1700460011
1700460325
1700464523
1700460950
1700459469
1700459828
1700462498
1700463687
1700464145
1700461547
1700464164
1700461175
1700460328
1700461611
1700462972
1700465718
1700463737
1700462790
1700462827
1700465871
1700460116
1700463650
1700465820
1700461023
1700461400
1700459292
1700459515
1700465003
1700459933
1700462276
1700460237
1700464207
1700462823
1700460763
1700463334
1700464710
1700462159
1700465323
1700461742
1700460259
1700459397
1700459972
1700464214
1700465768
1700462463
1700459907
1700459853
1700465053
1700460267
1700462677
1700461412
1700461739
1700460253
1700464804
1700461122
1700462924
1700462111
1700466218
1700461153
1700465527
1700459924
1700462229
1700460842
1700462291
1700462199
1700462943
1700462883
1700464333
1700461510
1700460257
1700459542
1700465450
1700459886
1700466040
1700459619
1700463424
1700464375
1700460649
1700465173
1700462674
1700459182
1700463200
1700462830
1700459548
1700462226
1700464310
1700463826
1700463848
1700460488
1700461649
1700465419
1700460771
1700459638
1700460826
1700462632
1700463247
1700464666
1700463871
1700461263
1700461918
1700462088
1700463276
1700461949
1700460870
1700463048
1700460220
1700459396
1700461707
1700459254
1700461676
1700461632
1700465884
1700464881
1700466031
1700464953
1700459940
1700462726
1700465296
1700465286
1700462708
1700466017
1700462417
1700461853
1700465704
1700463813
1700464696
1700459605
1700462001
1700462176
1700466096
1700465528
1700463078
1700464485
1700464343
1700463700
1700459478
1700462091
1700464122
1700462714
1700463507
1700464833
1700460156
1700463459
1700460791
1700459779
1700463443
1700464814
1700464728
1700462717
1700460085
1700462033
1700463469
1700465530
1700460234
1700462997
1700464687
1700463422
1700461922
1700465694
1700464529
1700461048
1700464619
1700466118
1700459874
1700463201
1700466127
1700465907
1700461626
1700460411
1700466187
1700463077
1700459810
1700465356
1700464795
1700460679
1700461811
1700461298
1700465163
1700465311
1700460777
1700465497
1700462093
1700464019
1700461824
1700459279
1700463618
1700463228
1700462618
1700463307
1700459497
1700464790
1700460109
1700463318
1700465854
1700464969
1700459203
1700461938
1700459437
1700462857
1700464662
1700460248
1700465763
1700461997
1700459194
1700463498
1700460699
1700460548
1700462394
1700459498
1700462099
1700460265
1700460349
1700459285
1700463559
1700461080
1700463931
1700465534
1700462067
1700463259
1700464905
1700462432
1700465890
1700463593
1700461701
1700464986
1700463097
1700460249
1700459304
1700460036
1700461592
1700465402
1700464983
1700460586
1700463915
1700463796
1700459813
1700463070
1700464925
1700463598
1700465088
1700464091
1700460422
1700463670
1700465645
1700461720
1700462395
1700465743
1700463194
1700462465
1700464791
1700460553
1700463750
1700462504
1700464268
1700463758
1700466108
1700464399
1700463902
1700459771
1700464936
1700461150
1700462413
1700462409
1700464989
1700459570
1700464438
1700463144
1700464041
1700461954
1700460092
1700463187
1700462753
1700461869
1700459476
1700466194
1700461094
1700465698
1700465599
1700464657
1700461752
1700463476
1700462778
1700461616
1700460125
1700460847
1700463471
1700459740
1700462655
1700461905
1700460585
1700459960
1700461769
1700459191
1700464484
1700463722
1700463342
1700460455
1700461817
1700461840
1700464352
1700465333
1700462184
1700462524
1700459277
1700465580
1700465490
1700465728
1700465622
1700464892
1700462757
1700461249
1700464704
1700461981
1700464271
1700459783
1700465248
1700460756
1700463222
1700459683
1700463770
1700463158
1700464923
1700459287
1700465762
1700459379
1700460035
1700465863
1700461103
1700460877
1700460216
1700465618
1700463802
1700460079
1700465775
1700464253
1700463605
1700460412
1700460355
1700464284
1700463768
1700465851
1700465370
1700464863
1700464125
1700463250
1700463064
1700464998
1700464146
1700463881
1700460575
1700460039
1700459942
1700464820
1700465041
1700461657
1700462797
1700462063
1700463898
1700466125
1700460329
1700465557
1700459184
1700465805
1700463335
1700462704
1700464402
1700463778
1700463267
1700463861
1700460519
1700460819
1700460458
1700465940
1700464558
1700461258
1700461546
1700464507
1700463665
1700460535
1700463492
1700462418
1700460053
1700459651
1700462289
1700461889
1700465682
1700463458
1700461221
1700463427
1700465993
1700465624
1700464499
1700463145
1700465376
1700462457
1700460082
1700461623
1700462528
1700463486
1700459377
1700463959
1700462965
1700465918
1700464752
1700465089
1700465767
1700466174
1700462718
1700461133
1700462470
1700464308
1700463171
1700463974
1700460182
1700464194
1700460394
1700460262
1700463431
1700464612
1700461968
1700461645
1700463108
1700461886
1700461196
1700464069
1700465502
1700459463
1700461719
1700464473
1700461969
1700460392
1700465617
1700461770
1700465225
1700464967
1700463525
1700465118
1700462487
1700461779
1700460650
1700463849
1700461866
1700463380
1700465892
1700462542
1700465147
1700463474
1700460972
1700464574
1700465470
1700460071
1700460471
1700461642
1700462222
1700463800
1700464033
1700465754
1700460230
1700462852
1700463941
1700462681
1700460818
1700463473
1700461016
1700463032
1700460205
1700464796
1700460495
1700463214
1700461303
1700463544
1700459826
1700465048
1700463430
1700459440
1700462352
1700464616
1700465688
1700465219
1700465223
1700461733
1700461236
1700464217
1700462792
1700461246
1700464618
1700463251
1700462458
1700463140
1700462048
1700462807
1700463425
1700462521
1700464714
1700463466
1700460067
1700461099
1700465888
1700465001
1700464346
1700466047
1700464691
1700464008
1700462571
1700465077
1700463543
1700463126
1700465342
1700464266
1700465340
1700460066
1700463909
1700459894
1700465641
1700462333
1700463285
1700459861
1700465145
1700462739
1700459359
1700463644
1700465192
1700461920
1700459834
1700463304
1700462140
1700462468
1700465722
1700463927
1700465434
1700465612
1700462366
1700465037
1700461071
1700464307
1700461773
1700461147
1700463413
1700461250
1700460582
1700464083
1700459880
1700459704
1700459806
1700464838
1700463803
1700464950
1700463588
1700465547
1700459868
1700462994
1700465503
1700460692
1700465328
1700460800
1700460494
1700464976
1700466072
1700464381
1700463828
1700463643
1700463911
1700465363
1700465231
1700461597
1700461682
1700461528
1700463887
1700465165
1700463817
1700460091
1700462555
1700464031
1700465545
1700462363
1700465484
1700460140
1700466050
1700464089
1700460377
1700461953
1700463678
1700463016
1700463055
1700465600
1700461986
1700460537
1700465702
1700466010
1700461533
1700464187
1700466094
1700461812
1700462046
1700465380
1700463372
1700461796
1700465780
1700459251
1700464902
1700459549
1700464386
1700461782
1700465556
1700461927
1700464744
1700462844
1700463213
1700462419
1700460824
1700463691
1700459344
1700459797
1700462155
1700459350
1700462770
1700461208
1700463339
1700461669
1700465506
1700464676
1700462922
1700464130
1700464097
1700463558
1700462654
1700465096
1700466004
1700465309
1700460867
1700461966
1700464779
1700459736
1700464037
1700460624
1700461948
1700462604
1700462072
1700460496
1700460335
1700462769
1700463441
1700460957
1700465457
1700462947
1700464778
1700464136
1700459957
1700465218
1700466140
1700459847
1700463439
1700465422
1700465813
1700459849
1700462514
1700461764
1700466113
1700464941
1700463522
1700461800
1700463172
1700463963
1700459289
1700462191
1700466058
1700465281
1700459935
1700459858
1700464828
1700465522
1700460593
1700466074
1700464364
1700461958
1700464330
1700463204
1700465629
1700464899
1700461741
1700464213
1700465200
1700464682
1700465858
1700465086
1700464823
1700463226
1700461590
1700460871
1700461272
1700465592
1700465349
1700463956
1700459857
1700463888
1700464865
1700462507
1700464355
1700460661
1700463930
1700463367
1700464669
1700462906
1700461052
1700460326
1700465873
1700463557
1700460742
1700462075
1700462482
1700463128
1700463484
1700464180
1700463000
1700459284
1700465590
1700461604
1700464029
1700462340
1700460801
1700460703
1700464762
1700462135
1700464939
1700459573
1700465206
1700463709
1700466186
1700464981
1700464807
1700461988
1700460206
1700462940
1700461625
1700462873
1700462499
1700463572
1700464345
1700462256
1700464196
1700460508
1700459201
1700462202
1700462322
1700465045
1700463268
1700462774
1700465588
1700460351
1700460449
1700460932
1700461553
1700464480
1700465174
1700461403
1700462101
1700465478
1700463602
1700464632
1700464049
1700459550
1700464327
1700461860
1700459341
1700459997
1700464678
1700462095
1700462273
1700465961
1700465551
1700461509
1700460107
1700461797
1700461658
1700464396
1700460483
1700465262
1700462315
1700462793
1700459680
1700462945
1700459197
1700462208
1700462442
1700459318
1700463933
1700461526
1700459621
1700459612
1700464966
1700462702
1700460133
1700459633
1700465789
1700464993
1700465887
1700459425
1700464335
1700463051
1700462608
1700461579
1700463674
1700459811
1700461793
1700459193
1700460227
1700463444
1700464660
1700461643
1700462197
1700465621
1700461767
1700459328
1700463741
1700464303
1700462217
1700464815
1700463394
1700462573
1700462688
1700462262
1700463437
1700460869
1700461666
1700463815
1700461655
